1 49 93 13 11
2 61 91 12 17
3 71 71 6 8
4 44 67 14 18 	83 73 5 5 	75 72 5 5
5 39 65 13 13	61 64 11 13	80 37 24 45
6 15 64 38 48	88 68 25 28	43 60 18 28	79 45 29 44
7 58 40 13 16	77 32 12 18	1 43 10 9	16 42 9 8
8 82 26 41 55	20 28 14 18	41 31 11 12
9 26 87 43 40	75 91 18 33
10 92 66 16 23	79 72 10 11
11 89 76 17 19	34 78 15 16
12 20 59 64 65	2 54 14 19 
13 54 76 16 18	40 77 9 8	0 73 19 29
14 70 67 16 14
15 33 51 21 20	15 54 10 9
16 0 74 39 54	110 70 18 25	92 70 22 15
17 22 97 16 19
18 98 48 29 37	3 50 30 35	80 57 11 15	37 55 14 29
19 0 3 126 125
20 92 58 27 26
21 29 48 31 39	66 59 50 45
22 45 55 39 48	89 37 21 33 44 96 72 32
23 69 73 46 55	76 17 30 42	43 3 24 34	25 51 35 48	0 26 28 43
24 81 60 12 14