1 27 38 72 52	11 26 29 27
2 19 29 84 70
3 27 36 88 56
4 27 28 80 66
5 28 36 73 57
6 0 34 99 59
7 26 33 76 62
8 27 34 97 59
9 26 37 77 54
10 28 36 73 52
11 28 37 72 53
12 5 31 94 61
13 23 33 77 57
14 14 31 86 64
15 37 34 101 60
16 29 35 77 59
17 28 36 78 57
18 27 39 72 51
19 3 33 96 57
20 25 37 75 51
21 26 35 74 55
22 15 30 85 63
23 27 30 101 67
24 27 31 84 65
25 29 31 72 64
26 1 31 100 64
27 23 35 79 54
28 23 22 80 68
29 28 34 76 56
30 28 35 86 58
31 19 33 79 60
32 11 32 89 65
33 28 34 75 59
34 30 29 89 64
35 15 36 84 56
36 29 39 70 52
37 28 36 80 55
38 30 55 82 56
39 28 33 94 53
40 26 35 102 56
41 19 34 82 58
42 6 32 95 60
43 29 34 79 58
44 29 34 86 59
45 29 37 75 56
46 26 33 92 62
47 26 34 80 58
48 29 34 89 58
49 19 35 83 57
50 22 36 79 55
51 0 29 100 61
52 27 35 76 57
53 8 37 91 51
54 0 35 99 60
55 5 30 96 63
56 22 32 80 60
57 27 33 78 58
58 23 33 79 59
59 15 29 57 60
60 12 29 89 66
61 18 28 83 68
62 19 31 84 59
63 17 35 84 56
64 17 29 88 62
65 14 33 87 58
66 17 33 87 59
67 13 33 88 63
68 20 35 81 55
69 25 34 76 57
70 16 33 85 61
71 20 35 81 57
72 10 33 91 59
73 17 34 84 59
74 15 32 84 57
75 15 32 86 60
76 29 36 79 53
77 27 29 91 61
78 26 30 81 59
79 29 31 85 60
80 30 35 89 55
81 20 29 89 68
82 27 36 79 55
83 29 37 80 54
84 28 35 74 51
85 28 33 75 59
86 27 33 75 59
87 26 35 85 61	100 26 26 23
88 27 32 77 58
89 27 32 84 62
90 24 34 82 58
91 28 35 79 55
92 7 34 92 57
93 13 33 88 59
94 12 32 87 61
95 11 32 91 64
96 10 32 91 64
97 20 36 80 55
98 12 35 88 55
99 4 36 95 56